n time1 time2
2 0.000004 0.000000
12 0.000001 0.000000
22 0.000001 0.000001
32 0.000001 0.000001
42 0.000001 0.000002
52 0.000001 0.000002
62 0.000001 0.000002
72 0.000002 0.000002
82 0.000002 0.000003
92 0.000002 0.000003
102 0.000002 0.000003
112 0.000002 0.000003
122 0.000002 0.000004
132 0.000003 0.000004
142 0.000003 0.000006
152 0.000003 0.000005
162 0.000003 0.000005
172 0.000003 0.000005
182 0.000008 0.000014
192 0.000003 0.000004
202 0.000003 0.000005
212 0.000003 0.000004
222 0.000003 0.000005
232 0.000004 0.000006
242 0.000004 0.000006
252 0.000005 0.000007
262 0.000005 0.000007
272 0.000005 0.000007
282 0.000004 0.000007
292 0.000004 0.000006
302 0.000006 0.000009
312 0.000005 0.000008
322 0.000005 0.000008
332 0.000005 0.000007
342 0.000006 0.000009
352 0.000005 0.000008
362 0.000005 0.000008
372 0.000006 0.000010
382 0.000006 0.000010
392 0.000005 0.000008
402 0.000006 0.000011
412 0.000006 0.000011
422 0.000006 0.000011
432 0.000006 0.000011
442 0.000006 0.000010
452 0.000006 0.000010
462 0.000006 0.000011
472 0.000007 0.000012
482 0.000007 0.000012
492 0.000008 0.000012
502 0.000007 0.000012
512 0.000007 0.000012
522 0.000007 0.000012
532 0.000007 0.000011
542 0.000009 0.000014
552 0.000008 0.000014
562 0.000007 0.000012
572 0.000008 0.000013
582 0.000008 0.000014
592 0.000008 0.000014
602 0.000009 0.000014
612 0.000008 0.000014
622 0.000008 0.000014
632 0.000009 0.000016
642 0.000009 0.000015
652 0.000009 0.000015
662 0.000009 0.000016
672 0.000010 0.000016
682 0.000009 0.000016
692 0.000010 0.000017
702 0.000009 0.000017
712 0.000009 0.000016
722 0.000010 0.000018
732 0.000010 0.000017
742 0.000009 0.000016
752 0.000009 0.000018
762 0.000009 0.000017
772 0.000010 0.000018
782 0.000010 0.000017
792 0.000011 0.000019
802 0.000011 0.000019
812 0.000011 0.000020
822 0.000011 0.000019
832 0.000011 0.000019
842 0.000012 0.000022
852 0.000012 0.000021
862 0.000012 0.000021
872 0.000012 0.000021
882 0.000011 0.000020
892 0.000012 0.000021
902 0.000013 0.000022
912 0.000012 0.000020
922 0.000012 0.000021
932 0.000012 0.000022
942 0.000012 0.000021
952 0.000012 0.000029
962 0.000012 0.000021
972 0.000012 0.000021
982 0.000012 0.000021
992 0.000011 0.000021
1002 0.000013 0.000024
1012 0.000012 0.000021
1022 0.000012 0.000023
1032 0.000013 0.000024
1042 0.000013 0.000022
1052 0.000019 0.000023
1062 0.000013 0.000025
1072 0.000013 0.000023
1082 0.000013 0.000024
1092 0.000013 0.000024
1102 0.000014 0.000023
1112 0.000017 0.000028
1122 0.000013 0.000025
1132 0.000014 0.000025
1142 0.000014 0.000024
1152 0.000014 0.000025
1162 0.000014 0.000025
1172 0.000015 0.000027
1182 0.000015 0.000026
1192 0.000015 0.000026
1202 0.000019 0.000029
1212 0.000015 0.000027
1222 0.000014 0.000028
1232 0.000016 0.000028
1242 0.000020 0.000037
1252 0.000016 0.000028
1262 0.000017 0.000039
1272 0.000018 0.000030
1282 0.000016 0.000032
1292 0.000015 0.000031
1302 0.000016 0.000030
1312 0.000016 0.000029
1322 0.000016 0.000030
1332 0.000015 0.000029
1342 0.000016 0.000030
1352 0.000015 0.000029
1362 0.000015 0.000029
1372 0.000017 0.000029
1382 0.000015 0.000029
1392 0.000016 0.000030
1402 0.000016 0.000029
1412 0.000015 0.000030
1422 0.000015 0.000029
1432 0.000017 0.000031
1442 0.000016 0.000030
1452 0.000017 0.000030
1462 0.000017 0.000031
1472 0.000017 0.000031
1482 0.000016 0.000031
1492 0.000016 0.000031
1502 0.000016 0.000031
1512 0.000016 0.000031
1522 0.000017 0.000032
1532 0.000017 0.000032
1542 0.000018 0.000035
1552 0.000018 0.000033
1562 0.000017 0.000032
1572 0.000019 0.000036
1582 0.000019 0.000034
1592 0.000020 0.000036
1602 0.000019 0.000034
1612 0.000018 0.000036
1622 0.000018 0.000036
1632 0.000020 0.000036
1642 0.000019 0.000036
1652 0.000018 0.000035
1662 0.000019 0.000036
1672 0.000019 0.000035
1682 0.000019 0.000036
1692 0.000018 0.000036
1702 0.000019 0.000036
1712 0.000019 0.000036
1722 0.000018 0.000036
1732 0.000019 0.000036
1742 0.000019 0.000037
1752 0.000020 0.000038
1762 0.000020 0.000038
1772 0.000020 0.000037
1782 0.000020 0.000037
1792 0.000021 0.000038
1802 0.000020 0.000039
1812 0.000020 0.000039
1822 0.000028 0.000050
1832 0.000021 0.000039
1842 0.000021 0.000038
1852 0.000021 0.000039
1862 0.000020 0.000039
1872 0.000021 0.000040
1882 0.000021 0.000040
1892 0.000021 0.000040
1902 0.000021 0.000040
1912 0.000021 0.000040
1922 0.000021 0.000041
1932 0.000021 0.000041
1942 0.000025 0.000044
1952 0.000022 0.000042
1962 0.000022 0.000041
1972 0.000022 0.000041
1982 0.000022 0.000041
1992 0.000022 0.000042
2002 0.000022 0.000042
2012 0.000029 0.000050
2022 0.000022 0.000043
2032 0.000023 0.000043
2042 0.000023 0.000043
2052 0.000023 0.000046
2062 0.000022 0.000043
2072 0.000022 0.000044
2082 0.000022 0.000044
2092 0.000023 0.000044
2102 0.000022 0.000044
2112 0.000027 0.000048
2122 0.000031 0.000048
2132 0.000025 0.000046
2142 0.000023 0.000045
2152 0.000023 0.000045
2162 0.000023 0.000048
2172 0.000024 0.000045
2182 0.000023 0.000046
2192 0.000023 0.000050
2202 0.000056 0.000053
2212 0.000028 0.000050
2222 0.000027 0.000047
2232 0.000025 0.000047
2242 0.000024 0.000047
2252 0.000024 0.000048
2262 0.000024 0.000048
2272 0.000025 0.000047
2282 0.000024 0.000047
2292 0.000031 0.000048
2302 0.000065 0.000116
2312 0.000026 0.000049
2322 0.000026 0.000048
2332 0.000025 0.000048
2342 0.000025 0.000049
2352 0.000025 0.000049
2362 0.000026 0.000049
2372 0.000025 0.000052
2382 0.000026 0.000051
2392 0.000026 0.000050
2402 0.000027 0.000051
2412 0.000039 0.000051
2422 0.000026 0.000051
2432 0.000028 0.000053
2442 0.000027 0.000051
2452 0.000027 0.000055
2462 0.000027 0.000052
2472 0.000029 0.000055
2482 0.000031 0.000056
2492 0.000029 0.000052
2502 0.000028 0.000053
2512 0.000027 0.000052
2522 0.000027 0.000053
2532 0.000028 0.000057
2542 0.000027 0.000053
2552 0.000028 0.000053
2562 0.000028 0.000054
2572 0.000038 0.000058
2582 0.000028 0.000054
2592 0.000031 0.000056
2602 0.000033 0.000059
2612 0.000033 0.000059
2622 0.000030 0.000057
2632 0.000029 0.000056
2642 0.000032 0.000058
2652 0.000032 0.000059
2662 0.000031 0.000067
2672 0.000029 0.000057
2682 0.000029 0.000056
2692 0.000029 0.000057
2702 0.000029 0.000057
2712 0.000031 0.000057
2722 0.000031 0.000058
2732 0.000037 0.000064
2742 0.000036 0.000061
2752 0.000032 0.000059
2762 0.000033 0.000065
2772 0.000031 0.000063
2782 0.000030 0.000059
2792 0.000035 0.000062
2802 0.000035 0.000063
2812 0.000035 0.000062
2822 0.000031 0.000060
2832 0.000030 0.000060
2842 0.000030 0.000060
2852 0.000031 0.000060
2862 0.000030 0.000060
2872 0.000030 0.000060
2882 0.000031 0.000060
2892 0.000031 0.000061
2902 0.000031 0.000061
2912 0.000031 0.000062
2922 0.000032 0.000061
2932 0.000032 0.000061
2942 0.000031 0.000061
2952 0.000031 0.000061
2962 0.000032 0.000062
2972 0.000032 0.000066
2982 0.000037 0.000066
2992 0.000033 0.000064
3002 0.000032 0.000067
3012 0.000032 0.000068
3022 0.000032 0.000063
3032 0.000036 0.000068
3042 0.000036 0.000071
3052 0.000034 0.000070
3062 0.000032 0.000064
3072 0.000080 0.000152
3082 0.000035 0.000067
3092 0.000034 0.000066
3102 0.000033 0.000070
3112 0.000033 0.000065
3122 0.000033 0.000066
3132 0.000033 0.000066
3142 0.000034 0.000066
3152 0.000120 0.000284
3162 0.000034 0.000066
3172 0.000034 0.000066
3182 0.000034 0.000066
3192 0.000034 0.000066
3202 0.000034 0.000067
3212 0.000034 0.000068
3222 0.000035 0.000068
3232 0.000035 0.000068
3242 0.000035 0.000067
3252 0.000036 0.000068
3262 0.000035 0.000068
3272 0.000035 0.000068
3282 0.000035 0.000069
3292 0.000035 0.000069
3302 0.000035 0.000069
3312 0.000035 0.000069
3322 0.000036 0.000072
3332 0.000084 0.000170
3342 0.000036 0.000070
3352 0.000041 0.000075
3362 0.000037 0.000072
3372 0.000037 0.000074
3382 0.000037 0.000072
3392 0.000037 0.000072
3402 0.000037 0.000071
3412 0.000037 0.000072
3422 0.000037 0.000071
3432 0.000037 0.000071
3442 0.000038 0.000077
3452 0.000038 0.000073
3462 0.000037 0.000073
3472 0.000038 0.000075
3482 0.000042 0.000075
3492 0.000041 0.000073
3502 0.000038 0.000073
3512 0.000038 0.000073
3522 0.000038 0.000073
3532 0.000041 0.000075
3542 0.000044 0.000079
3552 0.000039 0.000078
3562 0.000038 0.000075
3572 0.000038 0.000075
3582 0.000038 0.000078
3592 0.000038 0.000076
3602 0.000041 0.000077
3612 0.000044 0.000080
3622 0.000042 0.000077
3632 0.000039 0.000077
3642 0.000043 0.000081
3652 0.000041 0.000080
3662 0.000039 0.000077
3672 0.000039 0.000076
3682 0.000039 0.000077
3692 0.000042 0.000077
3702 0.000045 0.000082
3712 0.000039 0.000078
3722 0.000041 0.000080
3732 0.000040 0.000079
3742 0.000040 0.000081
3752 0.000040 0.000078
3762 0.000040 0.000077
3772 0.000040 0.000079
3782 0.000040 0.000079
3792 0.000040 0.000079
3802 0.000041 0.000080
3812 0.000041 0.000082
3822 0.000040 0.000083
3832 0.000040 0.000080
3842 0.000041 0.000080
3852 0.000046 0.000081
3862 0.000041 0.000081
3872 0.000042 0.000082
3882 0.000041 0.000082
3892 0.000042 0.000082
3902 0.000041 0.000082
3912 0.000042 0.000085
3922 0.000041 0.000082
3932 0.000042 0.000082
3942 0.000042 0.000083
3952 0.000042 0.000085
3962 0.000042 0.000083
3972 0.000045 0.000086
3982 0.000050 0.000093
3992 0.000044 0.000084
4002 0.000043 0.000084
4012 0.000043 0.000086
4022 0.000043 0.000083
4032 0.000043 0.000084
4042 0.000045 0.000089
4052 0.000044 0.000086
4062 0.000044 0.000087
4072 0.000046 0.000087
4082 0.000044 0.000088
4092 0.000043 0.000088
4102 0.000044 0.000086
4112 0.000044 0.000086
4122 0.000153 0.000287
4132 0.000045 0.000088
4142 0.000044 0.000087
4152 0.000044 0.000091
4162 0.000044 0.000088
4172 0.000044 0.000088
4182 0.000045 0.000088
4192 0.000044 0.000091
4202 0.000044 0.000088
4212 0.000045 0.000088
4222 0.000045 0.000087
4232 0.000046 0.000094
4242 0.000048 0.000089
4252 0.000046 0.000090
4262 0.000045 0.000090
4272 0.000045 0.000089
4282 0.000048 0.000088
4292 0.000046 0.000088
4302 0.000046 0.000093
4312 0.000046 0.000090
4322 0.000046 0.000089
4332 0.000047 0.000094
4342 0.000047 0.000094
4352 0.000046 0.000092
4362 0.000047 0.000092
4372 0.000047 0.000092
4382 0.000047 0.000093
4392 0.000047 0.000091
4402 0.000047 0.000092
4412 0.000047 0.000092
4422 0.000047 0.000094
4432 0.000051 0.000094
4442 0.000048 0.000094
4452 0.000054 0.000092
4462 0.000047 0.000094
4472 0.000048 0.000094
4482 0.000048 0.000098
4492 0.000048 0.000094
4502 0.000053 0.000100
4512 0.000048 0.000094
4522 0.000048 0.000096
4532 0.000048 0.000096
4542 0.000048 0.000095
4552 0.000048 0.000096
4562 0.000048 0.000096
4572 0.000048 0.000100
4582 0.000049 0.000095
4592 0.000049 0.000099
4602 0.000049 0.000097
4612 0.000049 0.000096
4622 0.000049 0.000098
4632 0.000168 0.000328
4642 0.000056 0.000103
4652 0.000058 0.000114
4662 0.000057 0.000111
4672 0.000056 0.000104
4682 0.000051 0.000104
4692 0.000052 0.000099
4702 0.000050 0.000104
4712 0.000058 0.000105
4722 0.000052 0.000105
4732 0.000053 0.000103
4742 0.000051 0.000101
4752 0.000051 0.000105
4762 0.000052 0.000101
4772 0.000053 0.000101
4782 0.000053 0.000108
4792 0.000055 0.000107
4802 0.000053 0.000105
4812 0.000052 0.000101
4822 0.000062 0.000101
4832 0.000051 0.000102
4842 0.000051 0.000102
4852 0.000052 0.000106
4862 0.000051 0.000102
4872 0.000054 0.000107
4882 0.000053 0.000109
4892 0.000053 0.000109
4902 0.000054 0.000106
4912 0.000053 0.000105
4922 0.000053 0.000108
4932 0.000053 0.000105
4942 0.000057 0.000105
4952 0.000055 0.000111
4962 0.000054 0.000105
4972 0.000055 0.000111
4982 0.000057 0.000106
4992 0.000055 0.000106
5002 0.000053 0.000110
5012 0.000054 0.000106
5022 0.000058 0.000106
5032 0.000055 0.000113
5042 0.000055 0.000107
5052 0.000055 0.000108
5062 0.000055 0.000109
5072 0.000059 0.000107
5082 0.000054 0.000107
5092 0.000054 0.000107
5102 0.000054 0.000113
5112 0.000056 0.000110
5122 0.000055 0.000109
5132 0.000057 0.000113
5142 0.000060 0.000108
5152 0.000073 0.000116
5162 0.000056 0.000114
5172 0.000056 0.000109
5182 0.000060 0.000111
5192 0.000057 0.000109
5202 0.000056 0.000109
5212 0.000062 0.000108
5222 0.000057 0.000113
5232 0.000057 0.000111
5242 0.000056 0.000113
5252 0.000057 0.000111
5262 0.000057 0.000111
5272 0.000059 0.000115
5282 0.000063 0.000112
5292 0.000058 0.000117
5302 0.000058 0.000112
5312 0.000061 0.000113
5322 0.000057 0.000113
5332 0.000060 0.000119
5342 0.000057 0.000119
5352 0.000063 0.000117
5362 0.000061 0.000115
5372 0.000059 0.000120
5382 0.000059 0.000113
5392 0.000058 0.000115
5402 0.000058 0.000114
5412 0.000058 0.000115
5422 0.000058 0.000118
5432 0.000059 0.000120
5442 0.000059 0.000116
5452 0.000061 0.000118
5462 0.000062 0.000115
5472 0.000058 0.000118
5482 0.000060 0.000116
5492 0.000063 0.000116
5502 0.000059 0.000116
5512 0.000060 0.000117
5522 0.000060 0.000123
5532 0.000059 0.000125
5542 0.000060 0.000117
5552 0.000060 0.000121
5562 0.000059 0.000118
5572 0.000060 0.000117
5582 0.000060 0.000129
5592 0.000061 0.000120
5602 0.000060 0.000119
5612 0.000062 0.000120
5622 0.000065 0.000120
5632 0.000062 0.000120
5642 0.000060 0.000119
5652 0.000061 0.000118
5662 0.000060 0.000128
5672 0.000062 0.000122
5682 0.000061 0.000120
5692 0.000062 0.000123
5702 0.000061 0.000120
5712 0.000061 0.000125
5722 0.000061 0.000121
5732 0.000062 0.000122
5742 0.000068 0.000125
5752 0.000071 0.000127
5762 0.000068 0.000123
5772 0.000063 0.000127
5782 0.000064 0.000124
5792 0.000062 0.000127
5802 0.000062 0.000123
5812 0.000062 0.000123
5822 0.000064 0.000125
5832 0.000067 0.000125
5842 0.000065 0.000133
5852 0.000063 0.000161
5862 0.000063 0.000125
5872 0.000064 0.000130
5882 0.000063 0.000125
5892 0.000063 0.000126
5902 0.000065 0.000127
5912 0.000064 0.000126
5922 0.000066 0.000130
5932 0.000065 0.000127
5942 0.000064 0.000131
5952 0.000064 0.000127
5962 0.000064 0.000131
5972 0.000064 0.000128
5982 0.000066 0.000129
5992 0.000065 0.000140
6002 0.000066 0.000131
6012 0.000065 0.000127
6022 0.000064 0.000133
6032 0.000068 0.000128
6042 0.000067 0.000130
6052 0.000069 0.000129
6062 0.000066 0.000136
6072 0.000067 0.000137
6082 0.000066 0.000131
6092 0.000066 0.000130
6102 0.000066 0.000130
6112 0.000066 0.000130
6122 0.000066 0.000129
6132 0.000067 0.000135
6142 0.000066 0.000135
6152 0.000068 0.000133
6162 0.000069 0.000142
6172 0.000066 0.000136
6182 0.000066 0.000132
6192 0.000066 0.000132
6202 0.000066 0.000132
6212 0.000465 0.000207
6222 0.000071 0.000141
6232 0.000068 0.000134
6242 0.000071 0.000145
6252 0.000071 0.000146
6262 0.000069 0.000180
6272 0.000072 0.000141
6282 0.000068 0.000140
6292 0.000078 0.000144
6302 0.000075 0.000146
6312 0.000078 0.000144
6322 0.000071 0.000165
6332 0.000079 0.000144
6342 0.000078 0.000148
6352 0.000081 0.000139
6362 0.000085 0.000141
6372 0.000078 0.000165
6382 0.000077 0.000878
6392 0.000082 0.000149
6402 0.000071 0.000168
6412 0.000089 0.000147
6422 0.000087 0.000151
6432 0.000079 0.000152
6442 0.000074 0.000143
6452 0.000075 0.000141
6462 0.000075 0.000144
6472 0.000077 0.000151
6482 0.000074 0.000148
6492 0.000072 0.000147
6502 0.000214 0.000159
6512 0.000075 0.000169
6522 0.000080 0.000140
6532 0.000077 0.000141
6542 0.000082 0.000149
6552 0.000071 0.000145
6562 0.000081 0.000148
6572 0.000073 0.000154
6582 0.000074 0.000156
6592 0.000073 0.000148
6602 0.000077 0.000146
6612 0.000072 0.000144
6622 0.000071 0.000165
6632 0.000081 0.000152
6642 0.000074 0.000294
6652 0.000098 0.000155
6662 0.000076 0.000147
6672 0.000074 0.000145
6682 0.000073 0.000144
6692 0.000072 0.000146
6702 0.000077 0.000150
6712 0.000080 0.000158
6722 0.000078 0.000146
6732 0.000078 0.000150
6742 0.000075 0.000149
6752 0.000073 0.000143
6762 0.000073 0.000149
6772 0.000078 0.000151
6782 0.000079 0.000160
6792 0.000075 0.000150
6802 0.000074 0.000146
6812 0.000073 0.000149
6822 0.000073 0.000146
6832 0.000073 0.000146
6842 0.000144 0.000147
6852 0.000083 0.000159
6862 0.000076 0.000153
6872 0.000079 0.000149
6882 0.000075 0.000148
6892 0.000075 0.000148
6902 0.000074 0.000152
6912 0.000074 0.000151
6922 0.000077 0.000155
6932 0.000079 0.000147
6942 0.000077 0.000153
6952 0.000121 0.000206
6962 0.000082 0.000163
6972 0.000081 0.000163
6982 0.000077 0.000156
6992 0.000082 0.000158
7002 0.000083 0.000159
7012 0.000080 0.000150
7022 0.000089 0.000193
7032 0.000079 0.000152
7042 0.000076 0.000155
7052 0.000075 0.000151
7062 0.000081 0.000160
7072 0.000078 0.000165
7082 0.000077 0.000157
7092 0.000077 0.000151
7102 0.000076 0.000159
7112 0.000076 0.000152
7122 0.000079 0.000156
7132 0.000090 0.000174
7142 0.000086 0.000156
7152 0.000078 0.000160
7162 0.000077 0.000153
7172 0.000077 0.000151
7182 0.000077 0.000154
7192 0.000077 0.000154
7202 0.000082 0.000154
7212 0.000082 0.000155
7222 0.000082 0.000157
7232 0.000079 0.000156
7242 0.000078 0.000157
7252 0.000078 0.000154
7262 0.000078 0.000160
7272 0.000078 0.000153
7282 0.000080 0.000158
7292 0.000083 0.000165
7302 0.000081 0.000162
7312 0.000082 0.000163
7322 0.000080 0.000159
7332 0.000079 0.000158
7342 0.000079 0.000156
7352 0.000083 0.000165
7362 0.000080 0.000162
7372 0.000080 0.000162
7382 0.000080 0.000158
7392 0.000084 0.000157
7402 0.000080 0.000162
7412 0.000080 0.000162
7422 0.000082 0.000173
7432 0.000088 0.000161
7442 0.000098 0.000172
7452 0.000086 0.000161
7462 0.000088 0.000168
7472 0.000085 0.000160
7482 0.000089 0.000162
7492 0.000095 0.000176
7502 0.000087 0.000163
7512 0.000082 0.000162
7522 0.000082 0.000167
7532 0.000081 0.000164
7542 0.000082 0.000161
7552 0.000082 0.000161
7562 0.000088 0.000165
7572 0.000083 0.000163
7582 0.000083 0.000164
7592 0.000082 0.000163
7602 0.000083 0.000163
7612 0.000092 0.000174
7622 0.000086 0.000167
7632 0.000084 0.000168
7642 0.000086 0.000161
7652 0.000087 0.000176
7662 0.000087 0.000165
7672 0.000083 0.000168
7682 0.000083 0.000166
7692 0.000083 0.000166
7702 0.000087 0.000172
7712 0.000084 0.000169
7722 0.000084 0.000172
7732 0.000083 0.000171
7742 0.000083 0.000167
7752 0.000084 0.000164
7762 0.000084 0.000170
7772 0.000084 0.000231
7782 0.000089 0.000175
7792 0.000090 0.000176
7802 0.000095 0.000175
7812 0.000097 0.000176
7822 0.000092 0.000182
7832 0.000092 0.000183
7842 0.000168 0.000186
7852 0.000090 0.000185
7862 0.000095 0.000179
7872 0.000097 0.000179
7882 0.000093 0.000184
7892 0.000092 0.000184
7902 0.000093 0.000180
7912 0.000169 0.000182
7922 0.000087 0.000176
7932 0.000092 0.000191
7942 0.000087 0.000172
7952 0.000087 0.000177
7962 0.000086 0.000170
7972 0.000093 0.000187
7982 0.000097 0.000177
7992 0.000094 0.000182
8002 0.000093 0.000184
8012 0.000094 0.000187
8022 0.000094 0.000188
8032 0.000093 0.000186
8042 0.000093 0.000182
8052 0.000096 0.000177
8062 0.000089 0.000174
8072 0.000090 0.000173
8082 0.000087 0.000175
8092 0.000108 0.000186
8102 0.000096 0.000187
8112 0.000097 0.000172
8122 0.000118 0.000187
8132 0.000094 0.000190
8142 0.000096 0.000182
8152 0.000097 0.000184
8162 0.000093 0.000184
8172 0.000091 0.000180
8182 0.000089 0.000182
8192 0.000097 0.000196
8202 0.000096 0.000188
8212 0.000100 0.000191
8222 0.000099 0.000189
8232 0.000107 0.000185
8242 0.000104 0.000215
8252 0.000105 0.000195
8262 0.000096 0.000189
8272 0.000097 0.000191
8282 0.000099 0.000190
8292 0.000096 0.000187
8302 0.000096 0.000185
8312 0.000096 0.000196
8322 0.000098 0.000196
8332 0.000102 0.000191
8342 0.000097 0.000192
8352 0.000102 0.000191
8362 0.000096 0.000183
8372 0.000121 0.000303
8382 0.000097 0.000188
8392 0.000098 0.000193
8402 0.000099 0.000194
8412 0.000099 0.000190
8422 0.000098 0.000186
8432 0.000093 0.000204
8442 0.000098 0.000197
8452 0.000100 0.000201
8462 0.000100 0.000202
8472 0.000099 0.000194
8482 0.000105 0.000212
8492 0.000097 0.000197
8502 0.000114 0.000196
8512 0.000100 0.000192
8522 0.000096 0.000190
8532 0.000102 0.000196
8542 0.000101 0.000200
8552 0.000098 0.000201
8562 0.000097 0.000207
8572 0.000100 0.000201
8582 0.000097 0.000191
8592 0.000094 0.000188
8602 0.000094 0.000192
8612 0.000093 0.000194
8622 0.000096 0.000196
8632 0.000098 0.000201
8642 0.000099 0.000211
8652 0.000105 0.000196
8662 0.000106 0.000187
8672 0.000110 0.000194
8682 0.000099 0.000197
8692 0.000096 0.000193
8702 0.000095 0.000191
8712 0.000094 0.000192
8722 0.000094 0.000190
8732 0.000094 0.000189
8742 0.000095 0.000190
8752 0.000101 0.000199
8762 0.000103 0.000199
8772 0.000109 0.000199
8782 0.000139 0.000197
8792 0.000101 0.000202
8802 0.000101 0.000200
8812 0.000100 0.000195
8822 0.000100 0.000429
8832 0.000111 0.000210
8842 0.000105 0.000198
8852 0.000100 0.000200
8862 0.000102 0.000201
8872 0.000098 0.000192
8882 0.000097 0.000195
8892 0.000103 0.000203
8902 0.000104 0.000204
8912 0.000107 0.000204
8922 0.000109 0.000211
8932 0.000119 0.000208
8942 0.000105 0.000210
8952 0.000108 0.000203
8962 0.000103 0.000218
8972 0.000105 0.000209
8982 0.000105 0.000209
8992 0.000126 0.000212
9002 0.000103 0.000210
9012 0.000106 0.000206
9022 0.000105 0.000206
9032 0.000104 0.000208
9042 0.000103 0.000203
9052 0.000106 0.000202
9062 0.000108 0.000219
9072 0.000105 0.000211
9082 0.000108 0.000212
9092 0.000106 0.000212
9102 0.000107 0.000215
9112 0.000106 0.000307
9122 0.000109 0.000212
9132 0.000106 0.000209
9142 0.000108 0.000210
9152 0.000107 0.000209
9162 0.000106 0.000237
9172 0.000104 0.000204
9182 0.000103 0.000204
9192 0.000100 0.000203
9202 0.000099 0.000202
9212 0.000099 0.000204
9222 0.000100 0.000204
9232 0.000214 0.000216
9242 0.000103 0.000203
9252 0.000101 0.000202
9262 0.000100 0.000200
9272 0.000100 0.000197
9282 0.000100 0.000200
9292 0.000100 0.000200
9302 0.000111 0.000218
9312 0.000101 0.000201
9322 0.000102 0.000202
9332 0.000101 0.000201
9342 0.000100 0.000201
9352 0.000100 0.000201
9362 0.000100 0.000209
9372 0.000101 0.000199
9382 0.000100 0.000201
9392 0.000111 0.000217
9402 0.000101 0.000204
9412 0.000102 0.000204
9422 0.000101 0.000203
9432 0.000101 0.000212
9442 0.000102 0.000203
9452 0.000107 0.000198
9462 0.000102 0.000204
9472 0.000102 0.000204
9482 0.000102 0.000204
9492 0.000106 0.000204
9502 0.000107 0.000204
9512 0.000102 0.000202
9522 0.000106 0.000206
9532 0.000107 0.000206
9542 0.000102 0.000207
9552 0.000106 0.000249
9562 0.000107 0.000204
9572 0.000107 0.000211
9582 0.000117 0.000227
9592 0.000108 0.000214
9602 0.000103 0.000207
9612 0.000104 0.000207
9622 0.000104 0.000207
9632 0.000104 0.000204
9642 0.000111 0.000221
9652 0.000104 0.000207
9662 0.000104 0.000209
9672 0.000109 0.000208
9682 0.000109 0.000209
9692 0.000110 0.000208
9702 0.000105 0.000210
9712 0.000108 0.000218
9722 0.000112 0.000217
9732 0.000107 0.000212
9742 0.000106 0.000212
9752 0.000112 0.000220
9762 0.000111 0.000219
9772 0.000112 0.000220
9782 0.000108 0.000212
9792 0.000112 0.000221
9802 0.000112 0.000220
9812 0.000114 0.000228
9822 0.000113 0.000231
9832 0.000114 0.000222
9842 0.000115 0.000225
9852 0.000114 0.000226
9862 0.000113 0.000231
9872 0.000111 0.000218
9882 0.000111 0.000212
9892 0.000111 0.000217
9902 0.000110 0.000218
9912 0.000107 0.000233
9922 0.000122 0.000222
9932 0.000115 0.000208
9942 0.000113 0.000216
9952 0.000113 0.000216
9962 0.000116 0.000212
9972 0.000111 0.000218
9982 0.000114 0.000235
9992 0.000111 0.000213
10002 0.000108 0.000219
12002 0.000131 0.000263
14002 0.000169 0.000296
16002 0.000173 0.000350
18002 0.000207 0.000428
20002 0.000255 0.000466
22002 0.000241 0.000495
24002 0.000271 0.000527
26002 0.000283 0.000587
28002 0.000304 0.000612
30002 0.000326 0.000665
32002 0.000347 0.000717
34002 0.000378 0.000895
36002 0.000419 0.000895
38002 0.000425 0.000864
40002 0.000438 0.001443
42002 0.000977 0.000937
44002 0.000503 0.000988
46002 0.000503 0.001031
48002 0.000526 0.001085
50002 0.000565 0.001123
52002 0.000571 0.001251
54002 0.000608 0.001224
56002 0.000625 0.001243
58002 0.000678 0.001308
60002 0.000662 0.001401
62002 0.000690 0.001505
64002 0.000721 0.001492
66002 0.000732 0.001485
68002 0.000750 0.001504
70002 0.000771 0.001731
72002 0.000868 0.001619
74002 0.000874 0.001673
76002 0.001158 0.001694
78002 0.000886 0.001777
80002 0.001261 0.001976
82002 0.001110 0.001879
84002 0.000959 0.001930
86002 0.001028 0.001933
88002 0.001022 0.002103
90002 0.001057 0.002160
92002 0.001068 0.002240
94002 0.001110 0.002558
96002 0.001127 0.002294
98002 0.001161 0.002228
100002 0.001170 0.002863
110002 0.001290 0.002638
120002 0.001946 0.002724
130002 0.001455 0.003095
140002 0.001688 0.003391
150002 0.001765 0.004041
160002 0.001901 0.003860
170002 0.002015 0.004919
180002 0.002224 0.004585
190002 0.002289 0.004629
200002 0.002391 0.004536
210002 0.002451 0.004922
220002 0.002656 0.005090
230002 0.002765 0.005602
240002 0.002736 0.006340
250002 0.002899 0.005752
260002 0.003001 0.005952
270002 0.003076 0.006951
280002 0.003410 0.006776
290002 0.003476 0.006697
300002 0.003419 0.007147
310002 0.003805 0.007149
320002 0.003729 0.007591
330002 0.003763 0.007733
340002 0.003873 0.007853
350002 0.004029 0.008093
360002 0.004113 0.008261
370002 0.004256 0.008529
380002 0.004578 0.008775
390002 0.004470 0.009094
400002 0.004654 0.009265
410002 0.004722 0.009500
420002 0.005396 0.009834
430002 0.004932 0.010146
440002 0.005144 0.010944
450002 0.005414 0.011450
460002 0.005633 0.011030
470002 0.005489 0.011037
480002 0.005663 0.011105
490002 0.005596 0.011503
500002 0.005814 0.012469
510002 0.005973 0.011860
520002 0.005972 0.012351
530002 0.006247 0.012250
540002 0.006215 0.012719
550002 0.006496 0.013083
560002 0.006576 0.013168
570002 0.006682 0.014204
580002 0.006462 0.014485
590002 0.008112 0.015504
600002 0.007521 0.014558
610002 0.007938 0.016389
620002 0.007378 0.014976
630002 0.007292 0.014674
640002 0.007439 0.015706
650002 0.007570 0.017098
660002 0.007552 0.015359
670002 0.007712 0.015659
680002 0.008309 0.016813
690002 0.008093 0.017979
700002 0.009052 0.017573
710002 0.008519 0.018768
720002 0.008329 0.016819
730002 0.008395 0.020767
740002 0.008556 0.017404
750002 0.008700 0.020919
760002 0.010128 0.021495
770002 0.010030 0.020935
780002 0.009957 0.018361
790002 0.009421 0.019939
800002 0.009229 0.018844
810002 0.009347 0.018922
820002 0.009465 0.022388
830002 0.010544 0.020949
840002 0.009798 0.020138
850002 0.009866 0.020464
860002 0.009976 0.020448
870002 0.010074 0.020728
880002 0.010538 0.021638
890002 0.011275 0.022118
900002 0.010470 0.021324
910002 0.010742 0.021333
920002 0.010722 0.021598
930002 0.011699 0.022649
940002 0.011160 0.022834
950002 0.011153 0.025061
960002 0.011411 0.022941
970002 0.012292 0.026968
980002 0.011465 0.022961
990002 0.011440 0.023329
1000002 0.012757 0.025455
1100002 0.013714 0.026966
1200002 0.017425 0.028719
1300002 0.015355 0.032659
1400002 0.016359 0.034896
1500002 0.020328 0.039171
1600002 0.020705 0.041223
1700002 0.020421 0.048131
1800002 0.023377 0.049752
1900002 0.021802 0.045646
2000002 0.024851 0.055136
2100002 0.025686 0.055785
2200002 0.027626 0.060668
2300002 0.028204 0.065881
2400002 0.029557 0.067811
2500002 0.030730 0.069809
2600002 0.033322 0.079516
2700002 0.035272 0.077404
2800002 0.036335 0.081823
2900002 0.037598 0.084479
3000002 0.038428 0.087331
3100002 0.039704 0.090264
3200002 0.043451 0.096741
3300002 0.043613 0.099590
3400002 0.056597 0.105485
3500002 0.044769 0.108503
3600002 0.048396 0.108734
3700002 0.053495 0.113344
3800002 0.050417 0.116235
3900002 0.054894 0.121334
4000002 0.058335 0.123466
4100002 0.056203 0.129635
4200002 0.057697 0.131950
4300002 0.058970 0.138419
4400002 0.059989 0.140643
4500002 0.061967 0.144880
4600002 0.063072 0.149717
4700002 0.066430 0.155366
4800002 0.066882 0.155705
4900002 0.070601 0.158014
5000002 0.070906 0.167728
5100002 0.069343 0.165550
5200002 0.075050 0.170955
5300002 0.075620 0.177571
5400002 0.079690 0.182934
5500002 0.077292 0.180416
5600002 0.080286 0.188922
5700002 0.079915 0.193302
5800002 0.084101 0.194175
5900002 0.081672 0.197302
6000002 0.090251 0.202871
6100002 0.094202 0.208536
6200002 0.088450 0.211241
6300002 0.092246 0.215786
6400002 0.094732 0.217263
6500002 0.093530 0.222022
6600002 0.098502 0.227185
6700002 0.098226 0.225489
6800002 0.105139 0.235991
6900002 0.102067 0.239154
7000002 0.104519 0.241169
7100002 0.105926 0.247917
7200002 0.106795 0.247002
7300002 0.112477 0.257399
7400002 0.112734 0.259661
7500002 0.112698 0.263371
7600002 0.116679 0.264365
7700002 0.115748 0.272022
7800002 0.117058 0.278540
7900002 0.122845 0.277327
8000002 0.124175 0.281620
8100002 0.128727 0.287542
8200002 0.128202 0.290674
8300002 0.128140 0.291866
8400002 0.130154 0.300506
8500002 0.131745 0.297043
8600002 0.133153 0.309366
8700002 0.135719 0.311776
8800002 0.137377 0.314508
8900002 0.139826 0.317568
9000002 0.141079 0.323507
9100002 0.143299 0.326442
9200002 0.144263 0.329774
9300002 0.145937 0.332681
9400002 0.147594 0.338179
9500002 0.150480 0.341882
9600002 0.154116 0.349695
9700002 0.153550 0.350035
9800002 0.156220 0.349431
9900002 0.154375 0.350438
10000002 0.159381 0.363445
11000002 0.181266 0.399917
12000002 0.204370 0.445656
13000002 0.222898 0.481408
14000002 0.241256 0.519641
15000002 0.257203 0.561526
16000002 0.278813 0.611132
17000002 0.297302 0.641873
18000002 0.320151 0.687066
19000002 0.339837 0.726420
20000002 0.356546 0.757953
21000002 0.376912 0.798598
22000002 0.396359 0.840711
23000002 0.416044 0.890534
24000002 0.437504 0.937115
25000002 0.462856 0.976526
26000002 0.479953 1.022369
27000002 0.501123 1.059841
28000002 0.519880 1.102506
29000002 0.541363 1.147382
30000002 0.558036 1.189899
31000002 0.585674 1.220647
32000002 0.593455 1.279653
33000002 0.623046 1.319155
34000002 0.640108 1.352664
35000002 0.664038 1.408133
36000002 0.678472 1.439776
37000002 0.703034 1.490992
38000002 0.723323 1.514762
39000002 0.745093 1.556281
40000002 0.771450 1.618468
41000002 0.789300 1.643368
42000002 0.806038 1.720696
43000002 0.824317 1.735850
44000002 0.851544 1.778172
45000002 0.871728 1.821790
46000002 0.891654 1.872347
47000002 0.900637 1.899129
48000002 0.932616 1.945590
49000002 0.960138 1.996567
50000002 0.973663 2.033550
51000002 0.996961 2.067485
52000002 1.014112 2.121021
53000002 1.033741 2.167274
54000002 1.066280 2.233541
55000002 1.083993 2.251975
56000002 1.112256 2.291773
57000002 1.129878 2.335976
58000002 1.146621 2.413043
59000002 1.167096 2.416484
60000002 1.189017 2.460503
61000002 1.211753 2.508569
62000002 1.234463 2.549795
63000002 1.249544 2.595777
64000002 1.265453 2.657704
65000002 1.300578 2.698322
66000002 1.314843 2.706389
67000002 1.346872 2.773658
68000002 1.357409 2.804958
69000002 1.387763 2.850775
70000002 1.406960 2.896671
71000002 1.420926 2.938114
72000002 1.455005 2.979747
73000002 1.470607 3.034408
74000002 1.493268 3.052440
75000002 1.509985 3.097042
76000002 1.527263 3.149337
77000002 1.541478 3.187158
78000002 1.560391 3.228075
79000002 1.599819 3.273153
80000002 1.609305 3.328829
81000002 1.646476 3.362226
82000002 1.672587 3.406507
83000002 1.699508 3.437990
84000002 1.701953 3.567862
85000002 1.724841 3.575220
86000002 1.735534 3.584508
87000002 1.751964 3.629087
88000002 1.784788 3.661471
89000002 1.859378 3.718815
90000002 1.814737 3.783319
91000002 1.852529 3.800942
92000002 1.862758 3.841087
93000002 1.895826 3.883439
94000002 1.916240 3.962725
95000002 1.940446 3.982575
96000002 1.962925 4.019388
97000002 1.981381 4.065392
98000002 1.998147 4.083893
99000002 2.009781 4.141909
100000002 2.047353 4.177993
