n time
2 0.0461538
12 0.5
22 0.9
32 1.3
42 1.18182
52 1.05556
62 1.26667
72 1.61538
82 1.3125
92 1.53333
102 1.47368
112 1.36842
122 1.57895
132 1.7
142 1.61905
152 1.48
162 1.52
172 1.44828
182 1.64865
192 1.54839
202 1.53125
212 1.54286
222 1.67647
232 1.47222
242 1.56098
252 1.53191
262 1.57143
272 1.63415
282 1.47826
292 1.55319
302 1.56863
312 1.67391
322 1.51852
332 1.31579
342 1.64286
352 1.65385
362 1.51613
372 1.58209
382 1.68966
392 1.63158
402 1.62295
412 1.625
422 1.7541
432 1.23967
442 1.74138
452 2.15517
462 1.86792
472 1.94231
482 2
492 1.66176
502 1.75325
512 1.72727
522 1.77778
532 1.68182
542 1.80952
552 1.91935
562 1.8871
572 2.11864
582 1.78571
592 1.82353
602 1.83824
612 1.85294
622 1.91176
632 1.61446
642 1.57471
652 1.77381
662 1.66667
672 1.63636
682 1.58416
692 1.56557
702 1.7037
712 1.73196
722 1.87097
732 1.67647
742 1.83871
752 1.71028
762 1.79
772 1.72
782 1.78846
792 1.68571
802 1.89899
812 1.7619
822 1.78846
832 1.78846
842 1.78505
852 1.70536
862 1.75926
872 1.67544
882 1.80734
892 1.8018
902 1.792
912 1.71429
922 1.68033
932 1.74167
942 1.77311
952 1.77119
962 1.66142
972 1.78226
982 1.76613
992 1.8547
1002 1.72581
1012 1.74615
1022 1.88793
1032 1.71094
1042 1.62687
1052 1.72263
1062 1.82836
1072 1.82482
1082 1.87023
1092 1.77273
1102 1.81746
1112 2.08209
1122 1.80741
1132 1.78472
1142 1.84496
1152 1.92857
1162 1.78472
1172 1.68125
1182 1.7483
1192 1.76316
1202 1.8
1212 1.85517
1222 1.80921
1232 1.70701
1242 1.79739
1252 1.88
1262 1.97945
1272 1.8662
1282 1.66049
1292 1.63125
1302 1.79874
1312 1.76543
1322 1.70122
1332 1.77273
1342 1.89868
1352 1.54082
1362 2.01274
1372 1.80625
1382 1.90728
1392 1.83951
1402 1.83636
1412 1.81183
1422 1.59067
1432 1.83133
1442 1.78689
1452 1.80226
1462 1.78421
1472 1.84884
1482 1.75135
1492 1.81081
1502 1.785
1512 1.81283
1522 1.84293
1532 1.78866
1542 2.09605
1552 2.05
1562 1.82955
1572 1.91429
1582 1.91329
1592 1.89326
1602 1.8306
1612 2.14646
1622 2.02747
1632 1.94944
1642 1.85644
1652 1.78095
1662 1.8806
1672 1.98469
1682 1.90155
1692 1.95567
1702 1.89691
1712 2.2356
1722 1.92513
1732 1.93122
1742 1.96791
1752 1.90104
1762 1.82439
1772 1.70721
1782 1.46124
1792 1.84314
1802 2.06468
1812 1.94416
1822 2.01015
1832 1.90594
1842 2.20202
1852 1.86473
1862 1.955
1872 1.91748
1882 1.95567
1892 1.67089
1902 1.90291
1912 1.84977
1922 1.92453
1932 1.92381
1942 1.84375
1952 1.88426
1962 1.83562
1972 1.90741
1982 1.875
1992 2.08219
2002 1.95392
2012 1.68421
2022 1.94884
2032 1.837
2042 1.89778
2052 1.87391
2062 1.9292
2072 1.95067
2082 1.97297
2092 1.58633
2102 1.92411
2112 1.9469
2122 1.63333
2132 2.13919
2142 1.92017
2152 1.72075
2162 1.93506
2172 1.90254
2182 1.92437
2192 1.92469
2202 1.91051
2212 1.85448
2222 1.89919
2232 1.91429
2242 1.925
2252 1.96694
2262 1.93852
2272 1.93878
2282 1.94309
2292 2.01639
2302 1.93852
2312 1.89147
2322 1.9375
2332 2.04297
2342 1.94862
2352 1.85824
2362 1.90272
2372 2
2382 1.98819
2392 1.97255
2402 1.86296
2412 1.67
2422 1.94253
2432 1.89734
2442 1.94545
2452 1.8013
2462 1.96255
2472 1.93382
2482 1.94096
2492 1.94403
2502 1.88489
2512 1.92647
2522 2.13235
2532 1.93091
2542 1.93015
2552 1.93431
2562 1.94161
2572 1.9562
2582 1.93407
2592 1.90764
2602 1.91003
2612 1.88153
2622 1.925
2632 1.81126
2642 1.96429
2652 1.94737
2662 1.97865
2672 1.97895
2682 1.97887
2692 1.95833
2702 1.94138
2712 1.72477
2722 1.91126
2732 1.88591
2742 1.94237
2752 1.75287
2762 1.8815
2772 1.92157
2782 1.93421
2792 1.95395
2802 1.92763
2812 1.90584
2822 2.05281
2832 1.9702
2842 2.11037
2852 1.91205
2862 1.96053
2872 1.96393
2882 1.75882
2892 1.95833
2902 2.00313
2912 1.96463
2922 1.90854
2932 1.93808
2942 1.96238
2952 1.95541
2962 1.91818
2972 1.94953
2982 2.0694
2992 1.95597
3002 2.04984
3012 1.91077
3022 1.96262
3032 1.89489
3042 2.00595
3052 1.94785
3062 1.91233
3072 2.00882
3082 1.95166
3092 1.95152
3102 1.96657
3112 1.92492
3122 2
3132 1.97297
3142 1.9517
3152 1.90341
3162 1.90751
3172 1.77005
3182 1.94721
3192 1.92711
3202 1.96784
3212 1.96821
3222 1.94798
3232 2
3242 1.95389
3252 2.03683
3262 1.95977
3272 1.87332
3282 1.97151
3292 2.06215
3302 1.9548
3312 1.93557
3322 1.95787
3332 1.92179
3342 1.79634
3352 1.93889
3362 5.18538
3372 2.11141
3382 1.93225
3392 1.83374
3402 1.88101
3412 1.88714
3422 1.96809
3432 1.93514
3442 1.83463
3452 1.95455
3462 1.81141
3472 1.9729
3482 1.98182
3492 1.90026
3502 1.89005
3512 1.91864
3522 1.90862
3532 1.96915
3542 1.95789
3552 1.85022
3562 1.89474
3572 1.97889
3582 1.94459
3592 1.96073
3602 1.9156
3612 1.92308
3622 1.96154
3632 1.95897
3642 1.96392
3652 1.89901
3662 1.7814
3672 1.90594
3682 1.95939
3692 1.93655
3702 2.03553
3712 1.99745
3722 1.9037
3732 1.9575
3742 1.97733
3752 1.93284
3762 1.95761
3772 1.96766
3782 1.91667
3792 1.93643
3802 2.02683
3812 1.92995
3822 1.97537
3832 1.97778
3842 1.95792
3852 1.92124
3862 1.93431
3872 1.98058
3882 1.9686
3892 1.93961
3902 1.98554
3912 1.96429
3922 1.94563
3932 1.81481
3942 2.07783
3952 1.94824
3962 2.66228
3972 1.92874
3982 1.93662
3992 1.94639
4002 1.95338
4012 1.95804
4022 1.94353
4032 1.90596
4042 1.94688
4052 1.93793
4062 1.99538
4072 1.93679
4082 1.90444
4092 1.82505
4102 1.90766
4112 1.95455
4122 1.959
4132 1.93622
4142 1.98861
4152 1.98186
4162 1.95964
4172 2.0426
4182 1.95759
4192 1.95333
4202 1.96421
4212 1.94923
4222 1.96889
4232 1.9413
4242 1.94989
4252 1.96499
4262 2.00216
4272 1.99781
4282 1.88235
4292 1.93777
4302 1.95248
4312 1.92766
4322 1.95022
4332 1.82294
4342 2.00647
4352 1.93763
4362 1.97877
4372 1.91543
4382 1.85253
4392 1.94304
4402 1.96588
4412 1.95966
4422 1.95417
4432 1.97886
4442 1.89178
4452 1.94515
4462 1.97684
4472 1.9413
4482 1.96653
4492 1.93033
4502 1.96466
4512 1.95052
4522 1.96319
4532 1.94656
4542 2.00988
4552 2.11111
4562 1.81406
4572 1.96982
4582 1.95181
4592 2.02236
4602 1.95363
4612 2.00595
4622 2.05859
4632 1.95229
4642 1.97791
4652 1.93905
4662 1.90388
4672 1.97905
4682 1.82332
4692 1.94882
4702 1.97804
4712 1.97416
4722 1.97633
4732 1.96875
4742 1.9881
4752 2.04331
4762 2.55939
4772 1.85587
4782 1.89397
4792 2.68852
4802 2.2468
4812 2.00193
4822 1.97303
4832 1.99419
4842 1.98646
4852 2.06602
4862 2.08155
4872 1.86957
4882 1.99035
4892 1.95402
4902 1.91353
4912 2.05838
4922 1.96015
4932 1.94518
4942 1.98667
4952 1.96571
4962 1.95085
4972 1.97732
4982 1.94549
4992 2.0434
5002 2.04972
5012 1.97955
5022 1.94796
5032 2.16266
5042 1.92727
5052 1.93852
5062 1.96507
5072 1.97711
5082 1.97326
5092 2.03448
5102 1.81481
5112 1.99267
5122 2.07246
5132 1.94614
5142 1.98039
5152 2.0188
5162 1.95504
5172 1.96942
5182 2.05946
5192 1.97699
5202 1.83775
5212 1.93368
5222 2.00722
5232 2.00181
5242 1.97865
5252 2.06007
5262 2.10997
5272 2.01079
5282 1.99464
5292 1.98404
5302 2.05954
5312 2.0636
5322 1.85761
5332 1.96181
5342 1.90033
5352 2.10235
5362 1.83871
5372 1.95017
5382 2.06441
5392 1.98974
5402 2.02062
5412 1.86129
5422 1.99481
5432 1.97059
5442 1.97935
5452 1.97432
5462 1.98113
5472 2.03565
5482 1.92512
5492 1.95638
5502 1.95915
5512 1.99148
5522 1.99154
5532 1.96121
5542 1.98986
5552 2.06937
5562 2.06633
5572 1.87005
5582 1.98658
5592 1.95151
5602 2.17617
5612 1.90354
5622 2.05298
5632 1.969
5642 1.98023
5652 1.9491
5662 1.98675
5672 1.98353
5682 2.02597
5692 2.05428
5702 1.98691
5712 1.96388
5722 1.98197
5732 1.89841
5742 1.97222
5752 1.99349
5762 2.06189
5772 2.05186
5782 1.93949
5792 1.92947
5802 1.98873
5812 1.90824
5822 2.01264
5832 1.98569
5842 2.00644
5852 2.00322
5862 2.19391
5872 1.96788
5882 1.94883
5892 2.08186
5902 2.02726
5912 1.95063
5922 2.04579
5932 1.92086
5942 1.91679
5952 1.99392
5962 1.88774
5972 1.97826
5982 1.99843
5992 1.96714
6002 2.47327
6012 2.01075
6022 1.99531
6032 1.99844
6042 1.95679
6052 2.00464
6062 1.99386
6072 2.00773
6082 2.05271
6092 2.0304
6102 1.98021
6112 1.99388
6122 1.9292
6132 1.97734
6142 1.83073
6152 1.87608
6162 0.760611
6172 1.98632
6182 1.87194
6192 1.99545
6202 2
6212 1.95934
6222 1.87801
6232 1.99248
6242 1.96593
6252 2.05341
6262 1.95104
6272 2.00745
6282 2.05613
6292 2.03726
6302 1.98214
6312 2.01043
6322 2.00893
6332 2.06548
6342 1.9676
6352 1.9705
6362 1.96907
6372 1.9558
6382 1.97159
6392 2.05531
6402 1.99568
6412 1.99272
6422 1.99417
6432 2.00146
6442 2.03644
6452 2.04506
6462 2
6472 2.6686
6482 2.03634
6492 1.89207
6502 1.86418
6512 2.02722
6522 1.99713
6532 2.00288
6542 2
6552 1.87719
6562 1.98322
6572 1.98722
6582 2.06667
6592 1.97765
6602 1.94548
6612 1.83777
6622 2.00132
6632 1.96374
6642 1.85417
6652 2.04648
6662 1.99859
6672 2.07062
6682 2.02665
6692 1.97609
6702 2.1559
6712 2.04755
6722 2.0014
6732 2.04132
6742 2.00416
6752 1.98212
6762 1.90501
6772 2.00693
6782 2.06501
6792 2.05394
6802 1.99862
6812 1.67565
6822 2.03694
6832 1.99177
6842 2.06456
6852 2.07418
6862 2.04626
6872 1.91255
6882 2.06473
6892 2.00383
6902 1.15407
6912 2.10606
6922 2.37252
6932 2.03485
6942 1.9664
6952 1.94032
6962 1.99055
6972 1.89747
6982 2.05087
6992 1.972
7002 2.04424
7012 2.2249
7022 1.98396
7032 2.03877
7042 2.05615
7052 1.9787
7062 1.9699
7072 1.98684
7082 1.91688
7092 2.05388
7102 2.01112
7112 2.01266
7122 1.98069
7132 2.02865
7142 1.97154
7152 1.99609
7162 1.9224
7172 2.00524
7182 1.87268
7192 2.0616
7202 1.98438
7212 1.88228
7222 2.20645
7232 1.98465
7242 1.9859
7252 2.07308
7262 2.00644
7272 1.99614
7282 2.05426
7292 1.97935
7302 2.25483
7312 1.98559
7322 1.98649
7332 1.80538
7342 2.01887
7352 1.94813
7362 1.9899
7372 1.96962
7382 2.06045
7392 2.03914
7402 1.99147
7412 1.97643
7422 2.30109
7432 2.01752
7442 2.00503
7452 2.01511
7462 2.07547
7472 1.97896
7482 1.97167
7492 2.59656
7502 1.99766
7512 2.15213
7522 1.9778
7532 1.94131
7542 2.02709
7552 1.93808
7562 1.98075
7572 1.96763
7582 1.94018
7592 1.96185
7602 1.84233
7612 1.96087
7622 1.91156
7632 1.96063
7642 1.88793
7652 2
7662 1.95419
7672 1.89602
7682 1.72746
7692 2.10043
7702 2.02526
7712 1.95339
7722 1.88242
7732 2.037
7742 1.97318
7752 1.14247
7762 1.92794
7772 2.35553
7782 1.9913
7792 1.82225
7802 2.02833
7812 1.96226
7822 1.92913
7832 1.94609
7842 1.95887
7852 1.90869
7862 1.98497
7872 1.89385
7882 1.97653
7892 2.02086
7902 1.98341
7912 2.02128
7922 1.98167
7932 1.80246
7942 1.94398
7952 1.93469
7962 1.95485
7972 1.84035
7982 2.01519
7992 2.00349
8002 1.9989
8012 1.89698
8022 1.9527
8032 1.96811
8042 1.96893
8052 1.95122
8062 2.014
8072 2.0197
8082 2.11908
8092 2.00686
8102 1.94463
8112 1.84607
8122 1.98758
8132 1.99316
8142 1.96517
8152 1.99211
8162 1.92348
8172 2.08207
8182 2.53341
8192 1.99563
8202 2.13826
8212 1.97833
8222 1.77938
8232 1.90956
8242 2.07791
8252 1.88248
8262 2.0481
8272 1.9574
8282 0.876866
8292 1.63224
8302 2.03863
8312 2.01911
8322 1.78771
8332 2.0011
8342 1.93737
8352 1.99316
8362 1.81782
8372 2.12568
8382 1.98259
8392 1.96394
8402 1.76695
8412 2.09615
8422 1.96784
8432 1.97524
8442 1.9027
8452 1.88173
8462 1.92708
8472 1.90771
8482 1.93949
8492 1.84418
8502 2.60993
8512 1.32523
8522 2.05241
8532 1.90768
8542 1.98503
8552 1.9675
8562 1.97012
8572 1.95795
8582 1.80144
8592 2.09761
8602 2.0182
8612 1.9133
8622 1.96059
8632 1.98542
8642 1.9653
8652 1.90256
8662 2.00102
8672 2.06039
8682 2.05901
8692 1.95942
8702 1.99682
8712 1.79403
8722 1.89792
8732 1.98611
8742 1.90256
8752 2.1309
8762 1.99469
8772 2.0106
8782 1.95538
8792 2.07415
8802 1.99054
8812 2.05864
8822 2.11477
8832 2.01273
8842 1.97961
8852 1.99792
8862 1.83716
8872 1.98119
8882 2.01793
8892 1.98113
8902 1.99791
8912 2.00403
8922 1.97508
8932 1.88634
8942 1.92185
8952 1.66205
8962 1.86414
8972 1.95138
8982 2.0029
8992 2.02667
9002 2.00687
9012 1.97598
9022 1.99902
9032 1.71113
9042 2.06088
9052 1.98379
9062 2.00823
9072 2.00925
9082 2.06346
9092 1.97848
9102 2.00719
9112 0.944395
9122 2.01503
9132 2.12965
9142 2.08569
9152 1.97169
9162 1.99697
9172 1.92093
9182 2.0061
9192 2.00508
9202 1.99899
9212 1.88034
9222 2.12774
9232 1.96241
9242 2.00098
9252 1.93268
9262 2.04335
9272 2.00602
9282 2.001
9292 1.84111
9302 2.10294
9312 1.99405
9322 2.01887
9332 1.92809
9342 2.0509
9352 1.98298
9362 2.00599
9372 1.9679
9382 1.98914
9392 1.9803
9402 1.95731
9412 1.9375
9422 2.03268
9432 2.07721
9442 2.02529
9452 2.01881
9462 1.88826
9472 2.03184
9482 2.01207
9492 1.95594
9502 1.90459
9512 1.8978
9522 1.99455
9532 1.95819
9542 1.89928
9552 1.98525
9562 1.96926
9572 1.91316
9582 1.84034
9592 2.09258
9602 2.03568
9612 1.99339
9622 1.88746
9632 2.08883
9642 1.95054
9652 1.91378
9662 1.97089
9672 1.96714
9682 1.96689
9692 1.85103
9702 1.9304
9712 1.9326
9722 2.1434
9732 1.99526
9742 1.97814
9752 1.91805
9762 2.07538
9772 2.00381
9782 2.00381
9792 1.84814
9802 2.02168
9812 1.97826
9822 2.00664
9832 1.97352
9842 2.05194
9852 2.01231
9862 2.00851
9872 2.03774
9882 1.98115
9892 1.98206
9902 2.08365
9912 1.96501
9922 1.90261
9932 2.07397
9942 1.99726
9952 1.96706
9962 2.06761
9972 1.98969
9982 2.01123
9992 1.79125
10002 1.8665
12002 2.00999
14002 1.97776
16002 1.98331
18002 2.00356
20002 2.02486
22002 1.60554
24002 1.99963
26002 1.92699
28002 2.01101
30002 1.05431
32002 1.05044
34002 2.05941
36002 2.07044
38002 2.01481
40002 1.98231
42002 2.01105
44002 1.99205
46002 2.18767
48002 1.90747
50002 2.03406
52002 2.02571
54002 2.73865
56002 2.1311
58002 2.02172
60002 2.02088
62002 2.02511
64002 2.00434
66002 2.04938
68002 2.0578
70002 2.02854
72002 1.98731
74002 1.84098
76002 2.04581
78002 1.88459
80002 2.04766
82002 1.98949
84002 2.01665
86002 1.27414
88002 1.99939
90002 2.07239
92002 1.99892
94002 2.01627
96002 1.88563
98002 2.03235
100002 1.88997
110002 1.90009
120002 1.44911
130002 2.03676
140002 2.14901
150002 2.01683
160002 2.04409
170002 1.78397
180002 1.69725
190002 2.23049
200002 1.9529
210002 1.97291
220002 2.04288
230002 1.97205
240002 2.04644
250002 2.03791
260002 1.68573
270002 2.01867
280002 1.9927
290002 1.91169
300002 2.20202
310002 1.99842
320002 1.97548
330002 1.77659
340002 2.07579
350002 2.24061
360002 2.16314
370002 2.19071
380002 1.99029
390002 1.87489
400002 2.21189
410002 2.07741
420002 2.27889
430002 2.3013
440002 2.24213
450002 2.36582
460002 1.95473
470002 1.85622
480002 2.05594
490002 2.15295
500002 2.13058
510002 2.00087
520002 2.10947
530002 2.37127
540002 1.96939
550002 2.12465
560002 2.079
570002 2.21249
580002 2.11682
590002 1.95681
600002 2.04395
610002 1.92612
620002 2.11817
630002 1.75863
640002 2.05053
650002 2.1685
660002 2.09815
670002 1.9975
680002 2.00539
690002 2.07184
700002 1.96072
710002 2.04862
720002 2.25874
730002 2.0359
740002 1.88198
750002 2.2268
760002 2.13389
770002 2.12645
780002 2.08609
790002 2.15645
800002 2.17294
810002 2.16595
820002 2.17674
830002 2.28458
840002 2.15679
850002 2.21151
860002 2.09032
870002 1.90408
880002 2.03212
890002 2.06668
900002 2.04395
910002 2.10382
920002 2.03016
930002 1.9595
940002 1.76849
950002 2.21645
960002 1.8646
970002 2.0768
980002 2.06155
990002 2.16225
1000002 2.0855
1100002 2.15369
1200002 2.03874
1300002 2.0772
1400002 2.25553
1500002 2.17365
1600002 2.18519
1700002 2.29009
1800002 2.20635
1900002 2.2091
2000002 2.26996
2100002 2.3838
2200002 2.22254
2300002 2.19736
2400002 2.11359
2500002 2.25569
2600002 2.3708
2700002 2.27203
2800002 2.27687
2900002 2.18096
3000002 2.31429
3100002 2.39169
3200002 2.12866
3300002 2.20996
3400002 2.27906
3500002 2.26431
3600002 2.28672
3700002 2.29174
3800002 2.33759
3900002 2.28188
4000002 2.26063
4100002 2.26234
4200002 2.29836
4300002 2.37797
4400002 2.29678
4500002 2.32198
4600002 2.3584
4700002 2.29101
4800002 2.24898
4900002 2.35124
5000002 2.32917
5100002 2.27799
5200002 2.3094
5300002 2.29507
5400002 2.33579
5500002 2.34438
5600002 2.4204
5700002 2.37894
5800002 2.37179
5900002 2.32159
6000002 2.36169
6100002 2.23328
6200002 2.21498
6300002 2.39175
6400002 2.35385
6500002 2.20317
6600002 2.3511
6700002 2.33663
6800002 2.35525
6900002 2.348
7000002 2.35462
7100002 2.34522
7200002 2.38676
7300002 2.34934
7400002 2.30044
7500002 2.28637
7600002 2.3004
7700002 2.31884
7800002 2.28904
7900002 2.08159
8000002 2.23413
8100002 2.24674
8200002 2.26854
8300002 2.31946
8400002 2.26067
8500002 2.27437
8600002 2.32278
8700002 2.18885
8800002 2.27018
8900002 2.29018
9000002 2.23328
9100002 2.24596
9200002 2.26601
9300002 2.17687
9400002 2.21006
9500002 2.23764
9600002 2.22858
9700002 2.27323
9800002 2.25967
9900002 2.34296
10000002 2.13324
11000002 2.22073
12000002 2.17955
13000002 2.12642
14000002 2.15345
15000002 2.11252
16000002 2.15215
17000002 2.1587
18000002 2.14455
19000002 2.14394
20000002 2.11824
21000002 2.11033
22000002 2.1203
23000002 2.10663
24000002 2.11542
25000002 2.12772
26000002 2.12215
27000002 1.82094
28000002 2.04783
29000002 2.12837
30000002 2.12853
31000002 2.1149
32000002 2.15147
33000002 2.11046
34000002 2.17361
35000002 2.09834
36000002 2.10854
37000002 2.07282
38000002 2.1404
39000002 2.10281
40000002 2.10505
41000002 2.10034
42000002 2.11262
43000002 2.13752
44000002 2.10676
45000002 2.08539
46000002 2.10942
47000002 2.0982
48000002 2.09461
49000002 2.07591
50000002 2.10034
51000002 2.09391
52000002 2.06855
53000002 2.07852
54000002 2.0775
55000002 2.08502
56000002 2.1019
57000002 2.07288
58000002 2.07463
59000002 2.05527
60000002 2.07311
61000002 2.06558
62000002 2.05843
63000002 2.06103
64000002 2.07102
65000002 2.0731
66000002 2.08572
67000002 2.06151
68000002 2.07303
69000002 2.05758
70000002 2.07254
71000002 2.08011
72000002 2.06781
73000002 2.06524
74000002 2.05706
75000002 2.04244
76000002 2.05853
77000002 2.06661
78000002 2.06279
79000002 2.06611
80000002 2.06898
81000002 2.0511
82000002 2.05154
83000002 2.06328
84000002 2.0512
85000002 2.04797
86000002 2.03823
87000002 1.89759
88000002 2.05073
89000002 2.02276
90000002 2.07186
91000002 1.92846
92000002 2.05803
93000002 2.04269
94000002 2.05973
95000002 2.04017
96000002 2.03197
97000002 2.04526
98000002 2.06633
99000002 2.0479
100000002 2.04998
